[[3365   64   88   82   88   85   91   90   85 1885]
 [  99 3923  108  100   96   92   89 2034  106   95]
 [  74   91 3415   80   82 1869   86   91   87   83]
 [  88   82   88 3563   88   79   83   92 1885   83]
 [  75   78   72   86 3319   86  100   70   96 1860]
 [  84   72 1650   59   72 3177   71   72   79   85]
 [ 112   97   97   98  109 1288 3843   88   90   96]
 [  86 1983   87   95   89   91   91 3599   67   77]
 [  71   82   85 1857   97   67   97   78 3347   70]
 [  94   78   86   84 1814  105   85   82   79 3442]]
