[[2649  190  147  172  176  171  159  181  154 1924]
 [ 205 2990  189  170  178  191  177 2231  217  194]
 [ 173  164 2719  164  151 1921  163  151  178  174]
 [ 183  165  177 2736  193  184  186  182 1961  164]
 [ 175  168  163  142 2636  155  158  171  155 1919]
 [ 137  170 1769  148  142 2442  162  137  158  156]
 [ 176  190  181  165  186 1379 3068  183  199  191]
 [ 169 2068  162  182  170  183  172 2812  173  174]
 [ 160  158  153 1930  155  146  172  154 2668  155]
 [ 178  186  175  189 1898  170  171  152  141 2689]]
